# Blender v2.80 (sub 72) OBJ File: 'Brunnen.blend'
# www.blender.org
mtllib Brunnen.mtl
o Stein_Cube
v -1.580243 0.142808 -0.523304
v -1.580243 -0.142808 -0.523304
v -1.580243 0.142808 0.523304
v -1.580243 -0.142808 0.523304
v -2.141816 0.142808 -0.523304
v -2.141816 -0.142808 -0.523304
v -2.141816 0.142808 0.523304
v -2.141816 -0.142808 0.523304
vt 0.375000 0.000000
vt 0.625000 0.000000
vt 0.625000 0.250000
vt 0.375000 0.250000
vt 0.375000 0.250000
vt 0.625000 0.250000
vt 0.625000 0.500000
vt 0.375000 0.500000
vt 0.625000 0.750000
vt 0.375000 0.750000
vt 0.625000 0.750000
vt 0.625000 1.000000
vt 0.375000 1.000000
vt 0.125000 0.500000
vt 0.375000 0.500000
vt 0.375000 0.750000
vt 0.125000 0.750000
vt 0.625000 0.500000
vt 0.875000 0.500000
vt 0.875000 0.750000
vn 0.0000 1.0000 0.0000
vn 0.0000 0.0000 1.0000
vn -1.0000 0.0000 0.0000
vn 0.0000 -1.0000 0.0000
vn 1.0000 0.0000 0.0000
vn 0.0000 0.0000 -1.0000
usemtl Material
s off
f 1/1/1 5/2/1 7/3/1 3/4/1
f 4/5/2 3/6/2 7/7/2 8/8/2
f 8/8/3 7/7/3 5/9/3 6/10/3
f 6/10/4 2/11/4 4/12/4 8/13/4
f 2/14/5 1/15/5 3/16/5 4/17/5
f 6/18/6 5/19/6 1/20/6 2/11/6
o Boden_Circle
v 0.000000 0.000000 -2.000000
v -0.390181 0.000000 -1.961571
v -0.765367 0.000000 -1.847759
v -1.111140 0.000000 -1.662939
v -1.414214 0.000000 -1.414214
v -1.662939 0.000000 -1.111140
v -1.847759 0.000000 -0.765367
v -1.961571 0.000000 -0.390181
v -2.000000 0.000000 -0.000000
v -1.961571 0.000000 0.390180
v -1.847759 0.000000 0.765367
v -1.662939 0.000000 1.111140
v -1.414214 0.000000 1.414214
v -1.111140 0.000000 1.662939
v -0.765367 0.000000 1.847759
v -0.390180 0.000000 1.961571
v 0.000001 0.000000 2.000000
v 0.390181 0.000000 1.961570
v 0.765368 0.000000 1.847759
v 1.111141 0.000000 1.662939
v 1.414214 0.000000 1.414213
v 1.662940 0.000000 1.111139
v 1.847760 0.000000 0.765365
v 1.961571 0.000000 0.390179
v 2.000000 0.000000 -0.000002
v 1.961570 0.000000 -0.390183
v 1.847758 0.000000 -0.765369
v 1.662938 0.000000 -1.111143
v 1.414212 0.000000 -1.414215
v 1.111138 0.000000 -1.662941
v 0.765364 0.000000 -1.847760
v 0.390178 0.000000 -1.961571
vt 0.500000 1.000000
vt 0.402455 0.990393
vt 0.308658 0.961940
vt 0.222215 0.915735
vt 0.146447 0.853553
vt 0.084265 0.777785
vt 0.038060 0.691342
vt 0.009607 0.597545
vt 0.000000 0.500000
vt 0.009607 0.402455
vt 0.038060 0.308658
vt 0.084265 0.222215
vt 0.146447 0.146447
vt 0.222215 0.084265
vt 0.308658 0.038060
vt 0.402455 0.009607
vt 0.500000 0.000000
vt 0.597545 0.009607
vt 0.691342 0.038060
vt 0.777785 0.084265
vt 0.853554 0.146447
vt 0.915735 0.222215
vt 0.961940 0.308659
vt 0.990393 0.402455
vt 1.000000 0.500000
vt 0.990393 0.597546
vt 0.961940 0.691342
vt 0.915734 0.777786
vt 0.853553 0.853554
vt 0.777785 0.915735
vt 0.691341 0.961940
vt 0.597544 0.990393
vn 0.0000 1.0000 0.0000
usemtl None
s off
f 9/21/7 10/22/7 11/23/7 12/24/7 13/25/7 14/26/7 15/27/7 16/28/7 17/29/7 18/30/7 19/31/7 20/32/7 21/33/7 22/34/7 23/35/7 24/36/7 25/37/7 26/38/7 27/39/7 28/40/7 29/41/7 30/42/7 31/43/7 32/44/7 33/45/7 34/46/7 35/47/7 36/48/7 37/49/7 38/50/7 39/51/7 40/52/7
o Stein.001_Cube.001
v -1.682020 0.142808 0.316407
v -1.682020 -0.142808 0.316407
v -1.081514 0.142808 1.173600
v -1.081514 -0.142808 1.173600
v -2.141960 0.142808 0.638618
v -2.141960 -0.142808 0.638618
v -1.541453 0.142808 1.495811
v -1.541453 -0.142808 1.495811
vt 0.375000 0.000000
vt 0.625000 0.000000
vt 0.625000 0.250000
vt 0.375000 0.250000
vt 0.375000 0.250000
vt 0.625000 0.250000
vt 0.625000 0.500000
vt 0.375000 0.500000
vt 0.625000 0.750000
vt 0.375000 0.750000
vt 0.625000 0.750000
vt 0.625000 1.000000
vt 0.375000 1.000000
vt 0.125000 0.500000
vt 0.375000 0.500000
vt 0.375000 0.750000
vt 0.125000 0.750000
vt 0.625000 0.500000
vt 0.875000 0.500000
vt 0.875000 0.750000
vn 0.0000 1.0000 -0.0000
vn 0.5738 0.0000 0.8190
vn -0.8190 0.0000 0.5738
vn 0.0000 -1.0000 0.0000
vn 0.8190 0.0000 -0.5738
vn -0.5738 0.0000 -0.8190
usemtl Material
s off
f 41/53/8 45/54/8 47/55/8 43/56/8
f 44/57/9 43/58/9 47/59/9 48/60/9
f 48/60/10 47/59/10 45/61/10 46/62/10
f 46/62/11 42/63/11 44/64/11 48/65/11
f 42/66/12 41/67/12 43/68/12 44/69/12
f 46/70/13 45/71/13 41/72/13 42/63/13
o Stein.002_Cube.002
v -1.210565 0.142808 1.158706
v -1.210565 -0.142808 1.158706
v -0.374964 0.142808 1.788912
v -0.374964 -0.142808 1.788912
v -1.548711 0.142808 1.607060
v -1.548711 -0.142808 1.607060
v -0.713111 0.142808 2.237266
v -0.713111 -0.142808 2.237266
vt 0.375000 0.000000
vt 0.625000 0.000000
vt 0.625000 0.250000
vt 0.375000 0.250000
vt 0.375000 0.250000
vt 0.625000 0.250000
vt 0.625000 0.500000
vt 0.375000 0.500000
vt 0.625000 0.750000
vt 0.375000 0.750000
vt 0.625000 0.750000
vt 0.625000 1.000000
vt 0.375000 1.000000
vt 0.125000 0.500000
vt 0.375000 0.500000
vt 0.375000 0.750000
vt 0.125000 0.750000
vt 0.625000 0.500000
vt 0.875000 0.500000
vt 0.875000 0.750000
vn 0.0000 1.0000 -0.0000
vn 0.7984 0.0000 0.6021
vn -0.6021 0.0000 0.7984
vn 0.0000 -1.0000 0.0000
vn 0.6021 0.0000 -0.7984
vn -0.7984 0.0000 -0.6021
usemtl Material
s off
f 49/73/14 53/74/14 55/75/14 51/76/14
f 52/77/15 51/78/15 55/79/15 56/80/15
f 56/80/16 55/79/16 53/81/16 54/82/16
f 54/82/17 50/83/17 52/84/17 56/85/17
f 50/86/18 49/87/18 51/88/18 52/89/18
f 54/90/19 53/91/19 49/92/19 50/83/19
o Stein.003_Cube.003
v -0.527978 0.142808 1.680684
v -0.527978 -0.142808 1.680684
v 0.509985 0.142808 1.814928
v 0.509985 -0.142808 1.814928
v -0.600008 0.142808 2.237618
v -0.600008 -0.142808 2.237618
v 0.437954 0.142808 2.371862
v 0.437954 -0.142808 2.371862
vt 0.375000 0.000000
vt 0.625000 0.000000
vt 0.625000 0.250000
vt 0.375000 0.250000
vt 0.375000 0.250000
vt 0.625000 0.250000
vt 0.625000 0.500000
vt 0.375000 0.500000
vt 0.625000 0.750000
vt 0.375000 0.750000
vt 0.625000 0.750000
vt 0.625000 1.000000
vt 0.375000 1.000000
vt 0.125000 0.500000
vt 0.375000 0.500000
vt 0.375000 0.750000
vt 0.125000 0.750000
vt 0.625000 0.500000
vt 0.875000 0.500000
vt 0.875000 0.750000
vn 0.0000 1.0000 0.0000
vn 0.9917 0.0000 0.1283
vn -0.1283 0.0000 0.9917
vn 0.0000 -1.0000 0.0000
vn 0.1283 0.0000 -0.9917
vn -0.9917 0.0000 -0.1283
usemtl Material
s off
f 57/93/20 61/94/20 63/95/20 59/96/20
f 60/97/21 59/98/21 63/99/21 64/100/21
f 64/100/22 63/99/22 61/101/22 62/102/22
f 62/102/23 58/103/23 60/104/23 64/105/23
f 58/106/24 57/107/24 59/108/24 60/109/24
f 62/110/25 61/111/25 57/112/25 58/103/25
o Stein.004_Cube.004
v 0.303738 0.142808 1.879329
v 0.303738 -0.142808 1.879329
v 1.129536 0.142808 1.236331
v 1.129536 -0.142808 1.236331
v 0.648748 0.142808 2.322423
v 0.648748 -0.142808 2.322423
v 1.474546 0.142808 1.679425
v 1.474546 -0.142808 1.679425
vt 0.375000 0.000000
vt 0.625000 0.000000
vt 0.625000 0.250000
vt 0.375000 0.250000
vt 0.375000 0.250000
vt 0.625000 0.250000
vt 0.625000 0.500000
vt 0.375000 0.500000
vt 0.625000 0.750000
vt 0.375000 0.750000
vt 0.625000 0.750000
vt 0.625000 1.000000
vt 0.375000 1.000000
vt 0.125000 0.500000
vt 0.375000 0.500000
vt 0.375000 0.750000
vt 0.125000 0.750000
vt 0.625000 0.500000
vt 0.875000 0.500000
vt 0.875000 0.750000
vn 0.0000 1.0000 0.0000
vn 0.7890 0.0000 -0.6144
vn 0.6144 0.0000 0.7890
vn 0.0000 -1.0000 0.0000
vn -0.6144 0.0000 -0.7890
vn -0.7890 0.0000 0.6144
usemtl Material
s off
f 65/113/26 69/114/26 71/115/26 67/116/26
f 68/117/27 67/118/27 71/119/27 72/120/27
f 72/120/28 71/119/28 69/121/28 70/122/28
f 70/122/29 66/123/29 68/124/29 72/125/29
f 66/126/30 65/127/30 67/128/30 68/129/30
f 70/130/31 69/131/31 65/132/31 66/123/31
o Stein.005_Cube.005
v 1.023241 0.142808 1.314594
v 1.023241 -0.142808 1.314594
v 1.548862 0.142808 0.409546
v 1.548862 -0.142808 0.409546
v 1.508857 0.142808 1.596623
v 1.508857 -0.142808 1.596623
v 2.034478 0.142808 0.691576
v 2.034478 -0.142808 0.691576
vt 0.375000 0.000000
vt 0.625000 0.000000
vt 0.625000 0.250000
vt 0.375000 0.250000
vt 0.375000 0.250000
vt 0.625000 0.250000
vt 0.625000 0.500000
vt 0.375000 0.500000
vt 0.625000 0.750000
vt 0.375000 0.750000
vt 0.625000 0.750000
vt 0.625000 1.000000
vt 0.375000 1.000000
vt 0.125000 0.500000
vt 0.375000 0.500000
vt 0.375000 0.750000
vt 0.125000 0.750000
vt 0.625000 0.500000
vt 0.875000 0.500000
vt 0.875000 0.750000
vn 0.0000 1.0000 0.0000
vn 0.5022 0.0000 -0.8647
vn 0.8647 0.0000 0.5022
vn 0.0000 -1.0000 -0.0000
vn -0.8647 0.0000 -0.5022
vn -0.5022 0.0000 0.8647
usemtl Material
s off
f 73/133/32 77/134/32 79/135/32 75/136/32
f 76/137/33 75/138/33 79/139/33 80/140/33
f 80/140/34 79/139/34 77/141/34 78/142/34
f 78/142/35 74/143/35 76/144/35 80/145/35
f 74/146/36 73/147/36 75/148/36 76/149/36
f 78/150/37 77/151/37 73/152/37 74/143/37
o Stein.006_Cube.006
v 1.531441 0.142808 0.543516
v 1.531441 -0.142808 0.543516
v 1.532960 0.142808 -0.503091
v 1.532960 -0.142808 -0.503091
v 2.093013 0.142808 0.544331
v 2.093013 -0.142808 0.544331
v 2.094533 0.142808 -0.502276
v 2.094533 -0.142808 -0.502276
vt 0.375000 0.000000
vt 0.625000 0.000000
vt 0.625000 0.250000
vt 0.375000 0.250000
vt 0.375000 0.250000
vt 0.625000 0.250000
vt 0.625000 0.500000
vt 0.375000 0.500000
vt 0.625000 0.750000
vt 0.375000 0.750000
vt 0.625000 0.750000
vt 0.625000 1.000000
vt 0.375000 1.000000
vt 0.125000 0.500000
vt 0.375000 0.500000
vt 0.375000 0.750000
vt 0.125000 0.750000
vt 0.625000 0.500000
vt 0.875000 0.500000
vt 0.875000 0.750000
vn 0.0000 1.0000 0.0000
vn 0.0015 0.0000 -1.0000
vn 1.0000 0.0000 0.0015
vn 0.0000 -1.0000 0.0000
vn -1.0000 0.0000 -0.0015
vn -0.0015 0.0000 1.0000
usemtl Material
s off
f 81/153/38 85/154/38 87/155/38 83/156/38
f 84/157/39 83/158/39 87/159/39 88/160/39
f 88/160/40 87/159/40 85/161/40 86/162/40
f 86/162/41 82/163/41 84/164/41 88/165/41
f 82/166/42 81/167/42 83/168/42 84/169/42
f 86/170/43 85/171/43 81/172/43 82/163/43
o Stein.007_Cube.007
v 1.632679 0.142808 -0.372558
v 1.632679 -0.142808 -0.372558
v 1.112601 0.142808 -1.280802
v 1.112601 -0.142808 -1.280802
v 2.120011 0.142808 -0.651614
v 2.120011 -0.142808 -0.651614
v 1.599932 0.142808 -1.559858
v 1.599932 -0.142808 -1.559858
vt 0.375000 0.000000
vt 0.625000 0.000000
vt 0.625000 0.250000
vt 0.375000 0.250000
vt 0.375000 0.250000
vt 0.625000 0.250000
vt 0.625000 0.500000
vt 0.375000 0.500000
vt 0.625000 0.750000
vt 0.375000 0.750000
vt 0.625000 0.750000
vt 0.625000 1.000000
vt 0.375000 1.000000
vt 0.125000 0.500000
vt 0.375000 0.500000
vt 0.375000 0.750000
vt 0.125000 0.750000
vt 0.625000 0.500000
vt 0.875000 0.500000
vt 0.875000 0.750000
vn 0.0000 1.0000 -0.0000
vn -0.4969 0.0000 -0.8678
vn 0.8678 0.0000 -0.4969
vn 0.0000 -1.0000 0.0000
vn -0.8678 0.0000 0.4969
vn 0.4969 0.0000 0.8678
usemtl Material
s off
f 89/173/44 93/174/44 95/175/44 91/176/44
f 92/177/45 91/178/45 95/179/45 96/180/45
f 96/180/46 95/179/46 93/181/46 94/182/46
f 94/182/47 90/183/47 92/184/47 96/185/47
f 90/186/48 89/187/48 91/188/48 92/189/48
f 94/190/49 93/191/49 89/192/49 90/183/49
o Stein.008_Cube.008
v 1.197104 0.142808 -1.239640
v 1.197104 -0.142808 -1.239640
v 0.275059 0.142808 -1.734838
v 0.275059 -0.142808 -1.734838
v 1.462810 0.142808 -1.734377
v 1.462810 -0.142808 -1.734377
v 0.540765 0.142808 -2.229575
v 0.540765 -0.142808 -2.229575
vt 0.375000 0.000000
vt 0.625000 0.000000
vt 0.625000 0.250000
vt 0.375000 0.250000
vt 0.375000 0.250000
vt 0.625000 0.250000
vt 0.625000 0.500000
vt 0.375000 0.500000
vt 0.625000 0.750000
vt 0.375000 0.750000
vt 0.625000 0.750000
vt 0.625000 1.000000
vt 0.375000 1.000000
vt 0.125000 0.500000
vt 0.375000 0.500000
vt 0.375000 0.750000
vt 0.125000 0.750000
vt 0.625000 0.500000
vt 0.875000 0.500000
vt 0.875000 0.750000
vn 0.0000 1.0000 0.0000
vn -0.8810 0.0000 -0.4731
vn 0.4731 0.0000 -0.8810
vn 0.0000 -1.0000 0.0000
vn -0.4731 0.0000 0.8810
vn 0.8810 0.0000 0.4731
usemtl Material
s off
f 97/193/50 101/194/50 103/195/50 99/196/50
f 100/197/51 99/198/51 103/199/51 104/200/51
f 104/200/52 103/199/52 101/201/52 102/202/52
f 102/202/53 98/203/53 100/204/53 104/205/53
f 98/206/54 97/207/54 99/208/54 100/209/54
f 102/210/55 101/211/55 97/212/55 98/203/55
o Stein.009_Cube.009
v 0.469422 0.142808 -1.694682
v 0.469422 -0.142808 -1.694682
v -0.577176 0.142808 -1.690222
v -0.577176 -0.142808 -1.690222
v 0.467029 0.142808 -2.256250
v 0.467029 -0.142808 -2.256250
v -0.579569 0.142808 -2.251790
v -0.579569 -0.142808 -2.251790
vt 0.375000 0.000000
vt 0.625000 0.000000
vt 0.625000 0.250000
vt 0.375000 0.250000
vt 0.375000 0.250000
vt 0.625000 0.250000
vt 0.625000 0.500000
vt 0.375000 0.500000
vt 0.625000 0.750000
vt 0.375000 0.750000
vt 0.625000 0.750000
vt 0.625000 1.000000
vt 0.375000 1.000000
vt 0.125000 0.500000
vt 0.375000 0.500000
vt 0.375000 0.750000
vt 0.125000 0.750000
vt 0.625000 0.500000
vt 0.875000 0.500000
vt 0.875000 0.750000
vn 0.0000 1.0000 0.0000
vn -1.0000 0.0000 0.0043
vn -0.0043 0.0000 -1.0000
vn 0.0000 -1.0000 0.0000
vn 0.0043 0.0000 1.0000
vn 1.0000 0.0000 -0.0043
usemtl Material
s off
f 105/213/56 109/214/56 111/215/56 107/216/56
f 108/217/57 107/218/57 111/219/57 112/220/57
f 112/220/58 111/219/58 109/221/58 110/222/58
f 110/222/59 106/223/59 108/224/59 112/225/59
f 106/226/60 105/227/60 107/228/60 108/229/60
f 110/230/61 109/231/61 105/232/61 106/223/61
o Stein.010_Cube.010
v -0.416690 0.142808 -1.739972
v -0.416690 -0.142808 -1.739972
v -1.309546 0.142808 -1.193898
v -1.309546 -0.142808 -1.193898
v -0.709693 0.142808 -2.219047
v -0.709693 -0.142808 -2.219047
v -1.602549 0.142808 -1.672974
v -1.602549 -0.142808 -1.672974
vt 0.375000 0.000000
vt 0.625000 0.000000
vt 0.625000 0.250000
vt 0.375000 0.250000
vt 0.375000 0.250000
vt 0.625000 0.250000
vt 0.625000 0.500000
vt 0.375000 0.500000
vt 0.625000 0.750000
vt 0.375000 0.750000
vt 0.625000 0.750000
vt 0.625000 1.000000
vt 0.375000 1.000000
vt 0.125000 0.500000
vt 0.375000 0.500000
vt 0.375000 0.750000
vt 0.125000 0.750000
vt 0.625000 0.500000
vt 0.875000 0.500000
vt 0.875000 0.750000
vn 0.0000 1.0000 -0.0000
vn -0.8531 0.0000 0.5218
vn -0.5218 0.0000 -0.8531
vn 0.0000 -1.0000 0.0000
vn 0.5218 0.0000 0.8531
vn 0.8531 0.0000 -0.5218
usemtl Material
s off
f 113/233/62 117/234/62 119/235/62 115/236/62
f 116/237/63 115/238/63 119/239/63 120/240/63
f 120/240/64 119/239/64 117/241/64 118/242/64
f 118/242/65 114/243/65 116/244/65 120/245/65
f 114/246/66 113/247/66 115/248/66 116/249/66
f 118/250/67 117/251/67 113/252/67 114/243/67
o Stein.011_Cube.011
v -1.187940 0.142808 -1.326234
v -1.187940 -0.142808 -1.326234
v -1.695396 0.142808 -0.410878
v -1.695396 -0.142808 -0.410878
v -1.679088 0.142808 -1.598517
v -1.679088 -0.142808 -1.598517
v -2.186544 0.142808 -0.683160
v -2.186544 -0.142808 -0.683160
vt 0.375000 0.000000
vt 0.625000 0.000000
vt 0.625000 0.250000
vt 0.375000 0.250000
vt 0.375000 0.250000
vt 0.625000 0.250000
vt 0.625000 0.500000
vt 0.375000 0.500000
vt 0.625000 0.750000
vt 0.375000 0.750000
vt 0.625000 0.750000
vt 0.625000 1.000000
vt 0.375000 1.000000
vt 0.125000 0.500000
vt 0.375000 0.500000
vt 0.375000 0.750000
vt 0.125000 0.750000
vt 0.625000 0.500000
vt 0.875000 0.500000
vt 0.875000 0.750000
vn 0.0000 1.0000 0.0000
vn -0.4849 0.0000 0.8746
vn -0.8746 0.0000 -0.4849
vn 0.0000 -1.0000 0.0000
vn 0.8746 0.0000 0.4849
vn 0.4849 0.0000 -0.8746
usemtl Material
s off
f 121/253/68 125/254/68 127/255/68 123/256/68
f 124/257/69 123/258/69 127/259/69 128/260/69
f 128/260/70 127/259/70 125/261/70 126/262/70
f 126/262/71 122/263/71 124/264/71 128/265/71
f 122/266/72 121/267/72 123/268/72 124/269/72
f 126/270/73 125/271/73 121/272/73 122/263/73
o Stein.012_Cube.012
v -1.462614 0.424072 -0.787117
v -1.462614 0.138457 -0.787117
v -1.647890 0.424072 0.242961
v -1.647890 0.138457 0.242961
v -2.015317 0.424072 -0.886530
v -2.015317 0.138457 -0.886530
v -2.200594 0.424072 0.143548
v -2.200594 0.138457 0.143548
vt 0.375000 0.000000
vt 0.625000 0.000000
vt 0.625000 0.250000
vt 0.375000 0.250000
vt 0.375000 0.250000
vt 0.625000 0.250000
vt 0.625000 0.500000
vt 0.375000 0.500000
vt 0.625000 0.750000
vt 0.375000 0.750000
vt 0.625000 0.750000
vt 0.625000 1.000000
vt 0.375000 1.000000
vt 0.125000 0.500000
vt 0.375000 0.500000
vt 0.375000 0.750000
vt 0.125000 0.750000
vt 0.625000 0.500000
vt 0.875000 0.500000
vt 0.875000 0.750000
vn 0.0000 1.0000 -0.0000
vn -0.1770 0.0000 0.9842
vn -0.9842 0.0000 -0.1770
vn 0.0000 -1.0000 0.0000
vn 0.9842 0.0000 0.1770
vn 0.1770 0.0000 -0.9842
usemtl Material
s off
f 129/273/74 133/274/74 135/275/74 131/276/74
f 132/277/75 131/278/75 135/279/75 136/280/75
f 136/280/76 135/279/76 133/281/76 134/282/76
f 134/282/77 130/283/77 132/284/77 136/285/77
f 130/286/78 129/287/78 131/288/78 132/289/78
f 134/290/79 133/291/79 129/292/79 130/283/79
o Stein.013_Cube.013
v -1.711434 0.424072 0.021315
v -1.711434 0.138457 0.021315
v -1.272157 0.424072 0.971275
v -1.272157 0.138457 0.971275
v -2.221149 0.424072 0.257015
v -2.221149 0.138457 0.257015
v -1.781872 0.424072 1.206975
v -1.781872 0.138457 1.206975
vt 0.375000 0.000000
vt 0.625000 0.000000
vt 0.625000 0.250000
vt 0.375000 0.250000
vt 0.375000 0.250000
vt 0.625000 0.250000
vt 0.625000 0.500000
vt 0.375000 0.500000
vt 0.625000 0.750000
vt 0.375000 0.750000
vt 0.625000 0.750000
vt 0.625000 1.000000
vt 0.375000 1.000000
vt 0.125000 0.500000
vt 0.375000 0.500000
vt 0.375000 0.750000
vt 0.125000 0.750000
vt 0.625000 0.500000
vt 0.875000 0.500000
vt 0.875000 0.750000
vn 0.0000 1.0000 -0.0000
vn 0.4197 0.0000 0.9077
vn -0.9077 0.0000 0.4197
vn 0.0000 -1.0000 -0.0000
vn 0.9077 0.0000 -0.4197
vn -0.4197 0.0000 -0.9077
usemtl Material
s off
f 137/293/80 141/294/80 143/295/80 139/296/80
f 140/297/81 139/298/81 143/299/81 144/300/81
f 144/300/82 143/299/82 141/301/82 142/302/82
f 142/302/83 138/303/83 140/304/83 144/305/83
f 138/306/84 137/307/84 139/308/84 140/309/84
f 142/310/85 141/311/85 137/312/85 138/303/85
o Stein.014_Cube.014
v -1.396533 0.424072 0.933770
v -1.396533 0.138457 0.933770
v -0.685692 0.424072 1.701946
v -0.685692 0.138457 1.701946
v -1.808709 0.424072 1.315182
v -1.808709 0.138457 1.315182
v -1.097868 0.424072 2.083358
v -1.097868 0.138457 2.083358
vt 0.375000 0.000000
vt 0.625000 0.000000
vt 0.625000 0.250000
vt 0.375000 0.250000
vt 0.375000 0.250000
vt 0.625000 0.250000
vt 0.625000 0.500000
vt 0.375000 0.500000
vt 0.625000 0.750000
vt 0.375000 0.750000
vt 0.625000 0.750000
vt 0.625000 1.000000
vt 0.375000 1.000000
vt 0.125000 0.500000
vt 0.375000 0.500000
vt 0.375000 0.750000
vt 0.125000 0.750000
vt 0.625000 0.500000
vt 0.875000 0.500000
vt 0.875000 0.750000
vn 0.0000 1.0000 0.0000
vn 0.6792 0.0000 0.7340
vn -0.7340 0.0000 0.6792
vn 0.0000 -1.0000 0.0000
vn 0.7340 0.0000 -0.6792
vn -0.6792 0.0000 -0.7340
usemtl Material
s off
f 145/313/86 149/314/86 151/315/86 147/316/86
f 148/317/87 147/318/87 151/319/87 152/320/87
f 152/320/88 151/319/88 149/321/88 150/322/88
f 150/322/89 146/323/89 148/324/89 152/325/89
f 146/326/90 145/327/90 147/328/90 148/329/90
f 150/330/91 149/331/91 145/332/91 146/323/91
o Stein.015_Cube.015
v -0.817130 0.424072 1.568339
v -0.817130 0.138457 1.568339
v 0.180675 0.424072 1.884209
v 0.180675 0.138457 1.884209
v -0.986615 0.424072 2.103726
v -0.986615 0.138457 2.103726
v 0.011190 0.424072 2.419596
v 0.011190 0.138457 2.419596
vt 0.375000 0.000000
vt 0.625000 0.000000
vt 0.625000 0.250000
vt 0.375000 0.250000
vt 0.375000 0.250000
vt 0.625000 0.250000
vt 0.625000 0.500000
vt 0.375000 0.500000
vt 0.625000 0.750000
vt 0.375000 0.750000
vt 0.625000 0.750000
vt 0.625000 1.000000
vt 0.375000 1.000000
vt 0.125000 0.500000
vt 0.375000 0.500000
vt 0.375000 0.750000
vt 0.125000 0.750000
vt 0.625000 0.500000
vt 0.875000 0.500000
vt 0.875000 0.750000
vn 0.0000 1.0000 -0.0000
vn 0.9534 0.0000 0.3018
vn -0.3018 0.0000 0.9534
vn 0.0000 -1.0000 -0.0000
vn 0.3018 0.0000 -0.9534
vn -0.9534 0.0000 -0.3018
usemtl Material
s off
f 153/333/92 157/334/92 159/335/92 155/336/92
f 156/337/93 155/338/93 159/339/93 160/340/93
f 160/340/94 159/339/94 157/341/94 158/342/94
f 158/342/95 154/343/95 156/344/95 160/345/95
f 154/346/96 153/347/96 155/348/96 156/349/96
f 158/350/97 157/351/97 153/352/97 154/343/97
o Stein.016_Cube.016
v -0.033715 0.424072 1.911083
v -0.033715 0.138457 1.911083
v 0.892867 0.424072 1.424427
v 0.892867 0.138457 1.424427
v 0.227407 0.424072 2.408254
v 0.227407 0.138457 2.408254
v 1.153990 0.424072 1.921599
v 1.153990 0.138457 1.921599
vt 0.375000 0.000000
vt 0.625000 0.000000
vt 0.625000 0.250000
vt 0.375000 0.250000
vt 0.375000 0.250000
vt 0.625000 0.250000
vt 0.625000 0.500000
vt 0.375000 0.500000
vt 0.625000 0.750000
vt 0.375000 0.750000
vt 0.625000 0.750000
vt 0.625000 1.000000
vt 0.375000 1.000000
vt 0.125000 0.500000
vt 0.375000 0.500000
vt 0.375000 0.750000
vt 0.125000 0.750000
vt 0.625000 0.500000
vt 0.875000 0.500000
vt 0.875000 0.750000
vn 0.0000 1.0000 0.0000
vn 0.8853 0.0000 -0.4650
vn 0.4650 0.0000 0.8853
vn 0.0000 -1.0000 -0.0000
vn -0.4650 0.0000 -0.8853
vn -0.8853 0.0000 0.4650
usemtl Material
s off
f 161/353/98 165/354/98 167/355/98 163/356/98
f 164/357/99 163/358/99 167/359/99 168/360/99
f 168/360/100 167/359/100 165/361/100 166/362/100
f 166/362/101 162/363/101 164/364/101 168/365/101
f 162/366/102 161/367/102 163/368/102 164/369/102
f 166/370/103 165/371/103 161/372/103 162/363/103
o Stein.017_Cube.017
v 0.774396 0.424072 1.482637
v 0.774396 0.138457 1.482637
v 1.451932 0.424072 0.684932
v 1.451932 0.138457 0.684932
v 1.202417 0.424072 1.846179
v 1.202417 0.138457 1.846179
v 1.879953 0.424072 1.048474
v 1.879953 0.138457 1.048474
vt 0.375000 0.000000
vt 0.625000 0.000000
vt 0.625000 0.250000
vt 0.375000 0.250000
vt 0.375000 0.250000
vt 0.625000 0.250000
vt 0.625000 0.500000
vt 0.375000 0.500000
vt 0.625000 0.750000
vt 0.375000 0.750000
vt 0.625000 0.750000
vt 0.625000 1.000000
vt 0.375000 1.000000
vt 0.125000 0.500000
vt 0.375000 0.500000
vt 0.375000 0.750000
vt 0.125000 0.750000
vt 0.625000 0.500000
vt 0.875000 0.500000
vt 0.875000 0.750000
vn 0.0000 1.0000 0.0000
vn 0.6474 0.0000 -0.7622
vn 0.7622 0.0000 0.6474
vn 0.0000 -1.0000 -0.0000
vn -0.7622 0.0000 -0.6474
vn -0.6474 0.0000 0.7622
usemtl Material
s off
f 169/373/104 173/374/104 175/375/104 171/376/104
f 172/377/105 171/378/105 175/379/105 176/380/105
f 176/380/106 175/379/106 173/381/106 174/382/106
f 174/382/107 170/383/107 172/384/107 176/385/107
f 170/386/108 169/387/108 171/388/108 172/389/108
f 174/390/109 173/391/109 169/392/109 170/383/109
o Stein.018_Cube.018
v 1.411070 0.424072 0.813701
v 1.411070 0.138457 0.813701
v 1.597843 0.424072 -0.216107
v 1.597843 0.138457 -0.216107
v 1.963629 0.424072 0.913917
v 1.963629 0.138457 0.913917
v 2.150401 0.424072 -0.115891
v 2.150401 0.138457 -0.115891
vt 0.375000 0.000000
vt 0.625000 0.000000
vt 0.625000 0.250000
vt 0.375000 0.250000
vt 0.375000 0.250000
vt 0.625000 0.250000
vt 0.625000 0.500000
vt 0.375000 0.500000
vt 0.625000 0.750000
vt 0.375000 0.750000
vt 0.625000 0.750000
vt 0.625000 1.000000
vt 0.375000 1.000000
vt 0.125000 0.500000
vt 0.375000 0.500000
vt 0.375000 0.750000
vt 0.125000 0.750000
vt 0.625000 0.500000
vt 0.875000 0.500000
vt 0.875000 0.750000
vn 0.0000 1.0000 0.0000
vn 0.1785 0.0000 -0.9839
vn 0.9839 0.0000 0.1785
vn 0.0000 -1.0000 0.0000
vn -0.9839 0.0000 -0.1785
vn -0.1785 0.0000 0.9839
usemtl Material
s off
f 177/393/110 181/394/110 183/395/110 179/396/110
f 180/397/111 179/398/111 183/399/111 184/400/111
f 184/400/112 183/399/112 181/401/112 182/402/112
f 182/402/113 178/403/113 180/404/113 184/405/113
f 178/406/114 177/407/114 179/408/114 180/409/114
f 182/410/115 181/411/115 177/412/115 178/403/115
o Stein.019_Cube.019
v 1.672879 0.424072 -0.069982
v 1.672879 0.138457 -0.069982
v 1.321797 0.424072 -1.055949
v 1.321797 0.138457 -1.055949
v 2.201914 0.424072 -0.258361
v 2.201914 0.138457 -0.258361
v 1.850831 0.424072 -1.244327
v 1.850831 0.138457 -1.244327
vt 0.375000 0.000000
vt 0.625000 0.000000
vt 0.625000 0.250000
vt 0.375000 0.250000
vt 0.375000 0.250000
vt 0.625000 0.250000
vt 0.625000 0.500000
vt 0.375000 0.500000
vt 0.625000 0.750000
vt 0.375000 0.750000
vt 0.625000 0.750000
vt 0.625000 1.000000
vt 0.375000 1.000000
vt 0.125000 0.500000
vt 0.375000 0.500000
vt 0.375000 0.750000
vt 0.125000 0.750000
vt 0.625000 0.500000
vt 0.875000 0.500000
vt 0.875000 0.750000
vn 0.0000 1.0000 -0.0000
vn -0.3354 0.0000 -0.9421
vn 0.9421 0.0000 -0.3354
vn 0.0000 -1.0000 0.0000
vn -0.9421 0.0000 0.3354
vn 0.3354 0.0000 0.9421
usemtl Material
s off
f 185/413/116 189/414/116 191/415/116 187/416/116
f 188/417/117 187/418/117 191/419/117 192/420/117
f 192/420/118 191/419/118 189/421/118 190/422/118
f 190/422/119 186/423/119 188/424/119 192/425/119
f 186/426/120 185/427/120 187/428/120 188/429/120
f 190/430/121 189/431/121 185/432/121 186/423/121
o Stein.020_Cube.020
v 1.397679 0.424072 -1.000478
v 1.397679 0.138457 -1.000478
v 0.577859 0.424072 -1.651081
v 0.577859 0.138457 -1.651081
v 1.746769 0.424072 -1.440365
v 1.746769 0.138457 -1.440365
v 0.926949 0.424072 -2.090967
v 0.926949 0.138457 -2.090967
vt 0.375000 0.000000
vt 0.625000 0.000000
vt 0.625000 0.250000
vt 0.375000 0.250000
vt 0.375000 0.250000
vt 0.625000 0.250000
vt 0.625000 0.500000
vt 0.375000 0.500000
vt 0.625000 0.750000
vt 0.375000 0.750000
vt 0.625000 0.750000
vt 0.625000 1.000000
vt 0.375000 1.000000
vt 0.125000 0.500000
vt 0.375000 0.500000
vt 0.375000 0.750000
vt 0.125000 0.750000
vt 0.625000 0.500000
vt 0.875000 0.500000
vt 0.875000 0.750000
vn 0.0000 1.0000 0.0000
vn -0.7833 0.0000 -0.6216
vn 0.6216 0.0000 -0.7833
vn 0.0000 -1.0000 0.0000
vn -0.6216 0.0000 0.7833
vn 0.7833 0.0000 0.6216
usemtl Material
s off
f 193/433/122 197/434/122 199/435/122 195/436/122
f 196/437/123 195/438/123 199/439/123 200/440/123
f 200/440/124 199/439/124 197/441/124 198/442/124
f 198/442/125 194/443/125 196/444/125 200/445/125
f 194/446/126 193/447/126 195/448/126 196/449/126
f 198/450/127 197/451/127 193/452/127 194/443/127
o Stein.021_Cube.021
v 0.762044 0.424072 -1.577151
v 0.762044 0.138457 -1.577151
v -0.268815 0.424072 -1.758036
v -0.268815 0.138457 -1.758036
v 0.859100 0.424072 -2.130273
v 0.859100 0.138457 -2.130273
v -0.171758 0.424072 -2.311159
v -0.171758 0.138457 -2.311159
vt 0.375000 0.000000
vt 0.625000 0.000000
vt 0.625000 0.250000
vt 0.375000 0.250000
vt 0.375000 0.250000
vt 0.625000 0.250000
vt 0.625000 0.500000
vt 0.375000 0.500000
vt 0.625000 0.750000
vt 0.375000 0.750000
vt 0.625000 0.750000
vt 0.625000 1.000000
vt 0.375000 1.000000
vt 0.125000 0.500000
vt 0.375000 0.500000
vt 0.375000 0.750000
vt 0.125000 0.750000
vt 0.625000 0.500000
vt 0.875000 0.500000
vt 0.875000 0.750000
vn 0.0000 1.0000 -0.0000
vn -0.9850 0.0000 -0.1728
vn 0.1728 0.0000 -0.9850
vn 0.0000 -1.0000 0.0000
vn -0.1728 0.0000 0.9850
vn 0.9850 0.0000 0.1728
usemtl Material
s off
f 201/453/128 205/454/128 207/455/128 203/456/128
f 204/457/129 203/458/129 207/459/129 208/460/129
f 208/460/130 207/459/130 205/461/130 206/462/130
f 206/462/131 202/463/131 204/464/131 208/465/131
f 202/466/132 201/467/132 203/468/132 204/469/132
f 206/470/133 205/471/133 201/472/133 202/463/133
o Stein.022_Cube.022
v -0.102056 0.424072 -1.778591
v -0.102056 0.138457 -1.778591
v -1.077479 0.424072 -1.399200
v -1.077479 0.138457 -1.399200
v -0.305623 0.424072 -2.301969
v -0.305623 0.138457 -2.301969
v -1.281047 0.424072 -1.922578
v -1.281047 0.138457 -1.922578
vt 0.375000 0.000000
vt 0.625000 0.000000
vt 0.625000 0.250000
vt 0.375000 0.250000
vt 0.375000 0.250000
vt 0.625000 0.250000
vt 0.625000 0.500000
vt 0.375000 0.500000
vt 0.625000 0.750000
vt 0.375000 0.750000
vt 0.625000 0.750000
vt 0.625000 1.000000
vt 0.375000 1.000000
vt 0.125000 0.500000
vt 0.375000 0.500000
vt 0.375000 0.750000
vt 0.125000 0.750000
vt 0.625000 0.500000
vt 0.875000 0.500000
vt 0.875000 0.750000
vn 0.0000 1.0000 0.0000
vn -0.9320 0.0000 0.3625
vn -0.3625 0.0000 -0.9320
vn 0.0000 -1.0000 -0.0000
vn 0.3625 0.0000 0.9320
vn 0.9320 0.0000 -0.3625
usemtl Material
s off
f 209/473/134 213/474/134 215/475/134 211/476/134
f 212/477/135 211/478/135 215/479/135 216/480/135
f 216/480/136 215/479/136 213/481/136 214/482/136
f 214/482/137 210/483/137 212/484/137 216/485/137
f 210/486/138 209/487/138 211/488/138 212/489/138
f 214/490/139 213/491/139 209/492/139 210/483/139
o Stein.023_Cube.023
v -0.934368 0.424072 -1.507918
v -0.934368 0.138457 -1.507918
v -1.595850 0.424072 -0.696851
v -1.595850 0.138457 -0.696851
v -1.369558 0.424072 -1.862846
v -1.369558 0.138457 -1.862846
v -2.031040 0.424072 -1.051780
v -2.031040 0.138457 -1.051780
vt 0.375000 0.000000
vt 0.625000 0.000000
vt 0.625000 0.250000
vt 0.375000 0.250000
vt 0.375000 0.250000
vt 0.625000 0.250000
vt 0.625000 0.500000
vt 0.375000 0.500000
vt 0.625000 0.750000
vt 0.375000 0.750000
vt 0.625000 0.750000
vt 0.625000 1.000000
vt 0.375000 1.000000
vt 0.125000 0.500000
vt 0.375000 0.500000
vt 0.375000 0.750000
vt 0.125000 0.750000
vt 0.625000 0.500000
vt 0.875000 0.500000
vt 0.875000 0.750000
vn 0.0000 1.0000 0.0000
vn -0.6320 0.0000 0.7749
vn -0.7749 0.0000 -0.6320
vn 0.0000 -1.0000 -0.0000
vn 0.7749 0.0000 0.6320
vn 0.6320 0.0000 -0.7749
usemtl Material
s off
f 217/493/140 221/494/140 223/495/140 219/496/140
f 220/497/141 219/498/141 223/499/141 224/500/141
f 224/500/142 223/499/142 221/501/142 222/502/142
f 222/502/143 218/503/143 220/504/143 224/505/143
f 218/506/144 217/507/144 219/508/144 220/509/144
f 222/510/145 221/511/145 217/512/145 218/503/145
o Stein.024_Cube.024
v -1.603144 0.712722 0.459140
v -1.603144 0.427106 0.459140
v -0.999915 0.712722 1.314420
v -0.999915 0.427106 1.314420
v -2.062057 0.712722 0.782811
v -2.062057 0.427106 0.782811
v -1.458829 0.712722 1.638091
v -1.458829 0.427106 1.638091
vt 0.375000 0.000000
vt 0.625000 0.000000
vt 0.625000 0.250000
vt 0.375000 0.250000
vt 0.375000 0.250000
vt 0.625000 0.250000
vt 0.625000 0.500000
vt 0.375000 0.500000
vt 0.625000 0.750000
vt 0.375000 0.750000
vt 0.625000 0.750000
vt 0.625000 1.000000
vt 0.375000 1.000000
vt 0.125000 0.500000
vt 0.375000 0.500000
vt 0.375000 0.750000
vt 0.125000 0.750000
vt 0.625000 0.500000
vt 0.875000 0.500000
vt 0.875000 0.750000
vn 0.0000 1.0000 0.0000
vn 0.5764 0.0000 0.8172
vn -0.8172 0.0000 0.5764
vn 0.0000 -1.0000 -0.0000
vn 0.8172 0.0000 -0.5764
vn -0.5764 0.0000 -0.8172
usemtl Material
s off
f 225/513/146 229/514/146 231/515/146 227/516/146
f 228/517/147 227/518/147 231/519/147 232/520/147
f 232/520/148 231/519/148 229/521/148 230/522/148
f 230/522/149 226/523/149 228/524/149 232/525/149
f 226/526/150 225/527/150 227/528/150 228/529/150
f 230/530/151 229/531/151 225/532/151 226/523/151
o Stein.025_Cube.025
v -1.202335 0.712722 1.204007
v -1.202335 0.427106 1.204007
v -0.217549 0.712722 1.558388
v -0.217549 0.427106 1.558388
v -1.392483 0.712722 1.732408
v -1.392483 0.427106 1.732408
v -0.407698 0.712722 2.086789
v -0.407698 0.427106 2.086789
vt 0.375000 0.000000
vt 0.625000 0.000000
vt 0.625000 0.250000
vt 0.375000 0.250000
vt 0.375000 0.250000
vt 0.625000 0.250000
vt 0.625000 0.500000
vt 0.375000 0.500000
vt 0.625000 0.750000
vt 0.375000 0.750000
vt 0.625000 0.750000
vt 0.625000 1.000000
vt 0.375000 1.000000
vt 0.125000 0.500000
vt 0.375000 0.500000
vt 0.375000 0.750000
vt 0.125000 0.750000
vt 0.625000 0.500000
vt 0.875000 0.500000
vt 0.875000 0.750000
vn 0.0000 1.0000 -0.0000
vn 0.9409 0.0000 0.3386
vn -0.3386 0.0000 0.9409
vn 0.0000 -1.0000 0.0000
vn 0.3386 0.0000 -0.9409
vn -0.9409 0.0000 -0.3386
usemtl Material
s off
f 233/533/152 237/534/152 239/535/152 235/536/152
f 236/537/153 235/538/153 239/539/153 240/540/153
f 240/540/154 239/539/154 237/541/154 238/542/154
f 238/542/155 234/543/155 236/544/155 240/545/155
f 234/546/156 233/547/156 235/548/156 236/549/156
f 238/550/157 237/551/157 233/552/157 234/543/157
o Stein.026_Cube.026
v -0.331594 0.712722 1.620597
v -0.331594 0.427106 1.620597
v 0.714481 0.712722 1.653985
v 0.714481 0.427106 1.653985
v -0.349509 0.712722 2.181884
v -0.349509 0.427106 2.181884
v 0.696566 0.712722 2.215272
v 0.696566 0.427106 2.215272
vt 0.375000 0.000000
vt 0.625000 0.000000
vt 0.625000 0.250000
vt 0.375000 0.250000
vt 0.375000 0.250000
vt 0.625000 0.250000
vt 0.625000 0.500000
vt 0.375000 0.500000
vt 0.625000 0.750000
vt 0.375000 0.750000
vt 0.625000 0.750000
vt 0.625000 1.000000
vt 0.375000 1.000000
vt 0.125000 0.500000
vt 0.375000 0.500000
vt 0.375000 0.750000
vt 0.125000 0.750000
vt 0.625000 0.500000
vt 0.875000 0.500000
vt 0.875000 0.750000
vn 0.0000 1.0000 0.0000
vn 0.9995 0.0000 0.0319
vn -0.0319 0.0000 0.9995
vn 0.0000 -1.0000 -0.0000
vn 0.0319 0.0000 -0.9995
vn -0.9995 0.0000 -0.0319
usemtl Material
s off
f 241/553/158 245/554/158 247/555/158 243/556/158
f 244/557/159 243/558/159 247/559/159 248/560/159
f 248/560/160 247/559/160 245/561/160 246/562/160
f 246/562/161 242/563/161 244/564/161 248/565/161
f 242/566/162 241/567/162 243/568/162 244/569/162
f 246/570/163 245/571/163 241/572/163 242/563/163
o Stein.027_Cube.027
v 0.527061 0.712722 1.653733
v 0.527061 0.427106 1.653733
v 1.452650 0.712722 1.165191
v 1.452650 0.427106 1.165191
v 0.789196 0.712722 2.150372
v 0.789196 0.427106 2.150372
v 1.714785 0.712722 1.661830
v 1.714785 0.427106 1.661830
vt 0.375000 0.000000
vt 0.625000 0.000000
vt 0.625000 0.250000
vt 0.375000 0.250000
vt 0.375000 0.250000
vt 0.625000 0.250000
vt 0.625000 0.500000
vt 0.375000 0.500000
vt 0.625000 0.750000
vt 0.375000 0.750000
vt 0.625000 0.750000
vt 0.625000 1.000000
vt 0.375000 1.000000
vt 0.125000 0.500000
vt 0.375000 0.500000
vt 0.375000 0.750000
vt 0.125000 0.750000
vt 0.625000 0.500000
vt 0.875000 0.500000
vt 0.875000 0.750000
vn 0.0000 1.0000 0.0000
vn 0.8844 0.0000 -0.4668
vn 0.4668 0.0000 0.8844
vn 0.0000 -1.0000 0.0000
vn -0.4668 0.0000 -0.8844
vn -0.8844 0.0000 0.4668
usemtl Material
s off
f 249/573/164 253/574/164 255/575/164 251/576/164
f 252/577/165 251/578/165 255/579/165 256/580/165
f 256/580/166 255/579/166 253/581/166 254/582/166
f 254/582/167 250/583/167 252/584/167 256/585/167
f 250/586/168 249/587/168 251/588/168 252/589/168
f 254/590/169 253/591/169 249/592/169 250/583/169
o Stein.028_Cube.028
v 1.321226 0.712722 1.336693
v 1.321226 0.427106 1.336693
v 1.625460 0.712722 0.335279
v 1.625460 0.427106 0.335279
v 1.858549 0.712722 1.499934
v 1.858549 0.427106 1.499934
v 2.162783 0.712722 0.498520
v 2.162783 0.427106 0.498520
vt 0.375000 0.000000
vt 0.625000 0.000000
vt 0.625000 0.250000
vt 0.375000 0.250000
vt 0.375000 0.250000
vt 0.625000 0.250000
vt 0.625000 0.500000
vt 0.375000 0.500000
vt 0.625000 0.750000
vt 0.375000 0.750000
vt 0.625000 0.750000
vt 0.625000 1.000000
vt 0.375000 1.000000
vt 0.125000 0.500000
vt 0.375000 0.500000
vt 0.375000 0.750000
vt 0.125000 0.750000
vt 0.625000 0.500000
vt 0.875000 0.500000
vt 0.875000 0.750000
vn 0.0000 1.0000 0.0000
vn 0.2907 0.0000 -0.9568
vn 0.9568 0.0000 0.2907
vn 0.0000 -1.0000 0.0000
vn -0.9568 0.0000 -0.2907
vn -0.2907 0.0000 0.9568
usemtl Material
s off
f 257/593/170 261/594/170 263/595/170 259/596/170
f 260/597/171 259/598/171 263/599/171 264/600/171
f 264/600/172 263/599/172 261/601/172 262/602/172
f 262/602/173 258/603/173 260/604/173 264/605/173
f 258/606/174 257/607/174 259/608/174 260/609/174
f 262/610/175 261/611/175 257/612/175 258/603/175
o Stein.029_Cube.029
v 1.583704 0.712722 0.460499
v 1.583704 0.427106 0.460499
v 1.491599 0.712722 -0.582048
v 1.491599 0.427106 -0.582048
v 2.143098 0.712722 0.411079
v 2.143098 0.427106 0.411079
v 2.050993 0.712722 -0.631468
v 2.050993 0.427106 -0.631468
vt 0.375000 0.000000
vt 0.625000 0.000000
vt 0.625000 0.250000
vt 0.375000 0.250000
vt 0.375000 0.250000
vt 0.625000 0.250000
vt 0.625000 0.500000
vt 0.375000 0.500000
vt 0.625000 0.750000
vt 0.375000 0.750000
vt 0.625000 0.750000
vt 0.625000 1.000000
vt 0.375000 1.000000
vt 0.125000 0.500000
vt 0.375000 0.500000
vt 0.375000 0.750000
vt 0.125000 0.750000
vt 0.625000 0.500000
vt 0.875000 0.500000
vt 0.875000 0.750000
vn 0.0000 1.0000 0.0000
vn -0.0880 0.0000 -0.9961
vn 0.9961 0.0000 -0.0880
vn 0.0000 -1.0000 0.0000
vn -0.9961 0.0000 0.0880
vn 0.0880 0.0000 0.9961
usemtl Material
s off
f 265/613/176 269/614/176 271/615/176 267/616/176
f 268/617/177 267/618/177 271/619/177 272/620/177
f 272/620/178 271/619/178 269/621/178 270/622/178
f 270/622/179 266/623/179 268/624/179 272/625/179
f 266/626/180 265/627/180 267/628/180 268/629/180
f 270/630/181 269/631/181 265/632/181 266/623/181
o Stein.030_Cube.030
v 1.554578 0.712722 -0.462529
v 1.554578 0.427106 -0.462529
v 0.952593 0.712722 -1.318684
v 0.952593 0.427106 -1.318684
v 2.013961 0.712722 -0.785533
v 2.013961 0.427106 -0.785533
v 1.411975 0.712722 -1.641688
v 1.411975 0.427106 -1.641688
vt 0.375000 0.000000
vt 0.625000 0.000000
vt 0.625000 0.250000
vt 0.375000 0.250000
vt 0.375000 0.250000
vt 0.625000 0.250000
vt 0.625000 0.500000
vt 0.375000 0.500000
vt 0.625000 0.750000
vt 0.375000 0.750000
vt 0.625000 0.750000
vt 0.625000 1.000000
vt 0.375000 1.000000
vt 0.125000 0.500000
vt 0.375000 0.500000
vt 0.375000 0.750000
vt 0.125000 0.750000
vt 0.625000 0.500000
vt 0.875000 0.500000
vt 0.875000 0.750000
vn 0.0000 1.0000 0.0000
vn -0.5752 0.0000 -0.8180
vn 0.8180 0.0000 -0.5752
vn 0.0000 -1.0000 0.0000
vn -0.8180 0.0000 0.5752
vn 0.5752 0.0000 0.8180
usemtl Material
s off
f 273/633/182 277/634/182 279/635/182 275/636/182
f 276/637/183 275/638/183 279/639/183 280/640/183
f 280/640/184 279/639/184 277/641/184 278/642/184
f 278/642/185 274/643/185 276/644/185 280/645/185
f 274/646/186 273/647/186 275/648/186 276/649/186
f 278/650/187 277/651/187 273/652/187 274/643/187
o Stein.031_Cube.031
v 1.109317 0.712722 -1.269487
v 1.109317 0.427106 -1.269487
v 0.160833 0.712722 -1.711942
v 0.160833 0.427106 -1.711942
v 1.346722 0.712722 -1.778411
v 1.346722 0.427106 -1.778411
v 0.398238 0.712722 -2.220865
v 0.398238 0.427106 -2.220865
vt 0.375000 0.000000
vt 0.625000 0.000000
vt 0.625000 0.250000
vt 0.375000 0.250000
vt 0.375000 0.250000
vt 0.625000 0.250000
vt 0.625000 0.500000
vt 0.375000 0.500000
vt 0.625000 0.750000
vt 0.375000 0.750000
vt 0.625000 0.750000
vt 0.625000 1.000000
vt 0.375000 1.000000
vt 0.125000 0.500000
vt 0.375000 0.500000
vt 0.375000 0.750000
vt 0.125000 0.750000
vt 0.625000 0.500000
vt 0.875000 0.500000
vt 0.875000 0.750000
vn 0.0000 1.0000 0.0000
vn -0.9062 0.0000 -0.4228
vn 0.4228 0.0000 -0.9062
vn 0.0000 -1.0000 -0.0000
vn -0.4228 0.0000 0.9062
vn 0.9062 0.0000 0.4228
usemtl Material
s off
f 281/653/188 285/654/188 287/655/188 283/656/188
f 284/657/189 283/658/189 287/659/189 288/660/189
f 288/660/190 287/659/190 285/661/190 286/662/190
f 286/662/191 282/663/191 284/664/191 288/665/191
f 282/666/192 281/667/192 283/668/192 284/669/192
f 286/670/193 285/671/193 281/672/193 282/663/193
o Stein.032_Cube.032
v 0.253612 0.712722 -1.727010
v 0.253612 0.427106 -1.727010
v -0.785291 0.712722 -1.600248
v -0.785291 0.427106 -1.600248
v 0.185596 0.712722 -2.284449
v 0.185596 0.427106 -2.284449
v -0.853307 0.712722 -2.157686
v -0.853307 0.427106 -2.157686
vt 0.375000 0.000000
vt 0.625000 0.000000
vt 0.625000 0.250000
vt 0.375000 0.250000
vt 0.375000 0.250000
vt 0.625000 0.250000
vt 0.625000 0.500000
vt 0.375000 0.500000
vt 0.625000 0.750000
vt 0.375000 0.750000
vt 0.625000 0.750000
vt 0.625000 1.000000
vt 0.375000 1.000000
vt 0.125000 0.500000
vt 0.375000 0.500000
vt 0.375000 0.750000
vt 0.125000 0.750000
vt 0.625000 0.500000
vt 0.875000 0.500000
vt 0.875000 0.750000
vn 0.0000 1.0000 -0.0000
vn -0.9926 0.0000 0.1211
vn -0.1211 0.0000 -0.9926
vn 0.0000 -1.0000 -0.0000
vn 0.1211 0.0000 0.9926
vn 0.9926 0.0000 -0.1211
usemtl Material
s off
f 289/673/194 293/674/194 295/675/194 291/676/194
f 292/677/195 291/678/195 295/679/195 296/680/195
f 296/680/196 295/679/196 293/681/196 294/682/196
f 294/682/197 290/683/197 292/684/197 296/685/197
f 290/686/198 289/687/198 291/688/198 292/689/198
f 294/690/199 293/691/199 289/692/199 290/683/199
o Stein.033_Cube.033
v -0.603314 0.712722 -1.679456
v -0.603314 0.427106 -1.679456
v -1.456016 0.712722 -1.072589
v -1.456016 0.427106 -1.072589
v -0.928937 0.712722 -2.136986
v -0.928937 0.427106 -2.136986
v -1.781639 0.712722 -1.530119
v -1.781639 0.427106 -1.530119
vt 0.375000 0.000000
vt 0.625000 0.000000
vt 0.625000 0.250000
vt 0.375000 0.250000
vt 0.375000 0.250000
vt 0.625000 0.250000
vt 0.625000 0.500000
vt 0.375000 0.500000
vt 0.625000 0.750000
vt 0.375000 0.750000
vt 0.625000 0.750000
vt 0.625000 1.000000
vt 0.375000 1.000000
vt 0.125000 0.500000
vt 0.375000 0.500000
vt 0.375000 0.750000
vt 0.125000 0.750000
vt 0.625000 0.500000
